a=[1 2 3; 34 45 56; 12 23 34]
b=[12 ; 23 ; 12]
c=a\b
